34.6
35.3
32.7
25.4
24.9
31.1
25.8
32
29.9
26
24.3
20.7
20.7
24.1
23
23.4
18.9
28.2
19.6
20.8
19
16.6
19.2
20.3
16.4
24.4
20.5
19.5
16.3
16.4
19.9
17.8
21.1
21.2
16.6
21.2
16.5
19
17.5
17.5
19.8
25.7
17.3
17.1
14.9
15.3
29
19.2
13.1
15.7
15.8
17.6
25.3
15.8
13.7
20.6
20.8
15.3
13.7
15.4
26.5
16.7
24.2
15.5
14.5
16
17.9
13.4
25.9
15.4
14.3
17.5
12.4
13.1
12.1
14.1
22
16.8
20.1
26.2
14.6
11.1
11.7
11.9
19.2
11.9
10.6
17.9
19
14.8
16.5
10.6
15.1
9.6
12.8
19.8
16.9
21.1
14.3
12.3